2018/09/20-19:27:25.566897 7fffb0963380 RocksDB version: 5.14.3
2018/09/20-19:27:25.567338 7fffb0963380 Git sha rocksdb_build_git_sha:
2018/09/20-19:27:25.567341 7fffb0963380 Compile date Aug 22 2018
2018/09/20-19:27:25.567342 7fffb0963380 DB SUMMARY
2018/09/20-19:27:25.567421 7fffb0963380 CURRENT file:  CURRENT
2018/09/20-19:27:25.567422 7fffb0963380 IDENTITY file:  IDENTITY
2018/09/20-19:27:25.567431 7fffb0963380 MANIFEST file:  MANIFEST-000057 size: 211 Bytes
2018/09/20-19:27:25.567433 7fffb0963380 SST files in db1 dir, Total Num: 1, files: 000021.sst 
2018/09/20-19:27:25.567434 7fffb0963380 Write Ahead Log file in db1: 000058.log size: 0 ; 
2018/09/20-19:27:25.567437 7fffb0963380                         Options.error_if_exists: 0
2018/09/20-19:27:25.567441 7fffb0963380                       Options.create_if_missing: 1
2018/09/20-19:27:25.567442 7fffb0963380                         Options.paranoid_checks: 1
2018/09/20-19:27:25.567443 7fffb0963380                                     Options.env: 0x51c35c8
2018/09/20-19:27:25.567444 7fffb0963380                                Options.info_log: 0x54021d0
2018/09/20-19:27:25.567445 7fffb0963380                Options.max_file_opening_threads: 16
2018/09/20-19:27:25.567445 7fffb0963380                              Options.statistics: 0x0
2018/09/20-19:27:25.567446 7fffb0963380                               Options.use_fsync: 0
2018/09/20-19:27:25.567447 7fffb0963380                       Options.max_log_file_size: 0
2018/09/20-19:27:25.567448 7fffb0963380                  Options.max_manifest_file_size: 18446744073709551615
2018/09/20-19:27:25.567449 7fffb0963380                   Options.log_file_time_to_roll: 0
2018/09/20-19:27:25.567450 7fffb0963380                       Options.keep_log_file_num: 1000
2018/09/20-19:27:25.567451 7fffb0963380                    Options.recycle_log_file_num: 0
2018/09/20-19:27:25.567451 7fffb0963380                         Options.allow_fallocate: 1
2018/09/20-19:27:25.567452 7fffb0963380                        Options.allow_mmap_reads: 0
2018/09/20-19:27:25.567453 7fffb0963380                       Options.allow_mmap_writes: 0
2018/09/20-19:27:25.567454 7fffb0963380                        Options.use_direct_reads: 0
2018/09/20-19:27:25.567455 7fffb0963380                        Options.use_direct_io_for_flush_and_compaction: 0
2018/09/20-19:27:25.567456 7fffb0963380          Options.create_missing_column_families: 1
2018/09/20-19:27:25.567456 7fffb0963380                              Options.db_log_dir: 
2018/09/20-19:27:25.567457 7fffb0963380                                 Options.wal_dir: db1
2018/09/20-19:27:25.567458 7fffb0963380                Options.table_cache_numshardbits: 6
2018/09/20-19:27:25.567459 7fffb0963380                      Options.max_subcompactions: 1
2018/09/20-19:27:25.567460 7fffb0963380                  Options.max_background_flushes: -1
2018/09/20-19:27:25.567461 7fffb0963380                         Options.WAL_ttl_seconds: 0
2018/09/20-19:27:25.567462 7fffb0963380                       Options.WAL_size_limit_MB: 0
2018/09/20-19:27:25.567462 7fffb0963380             Options.manifest_preallocation_size: 4194304
2018/09/20-19:27:25.567463 7fffb0963380                     Options.is_fd_close_on_exec: 1
2018/09/20-19:27:25.567464 7fffb0963380                   Options.advise_random_on_open: 1
2018/09/20-19:27:25.567465 7fffb0963380                    Options.db_write_buffer_size: 0
2018/09/20-19:27:25.567466 7fffb0963380                    Options.write_buffer_manager: 0x5402410
2018/09/20-19:27:25.567467 7fffb0963380         Options.access_hint_on_compaction_start: 1
2018/09/20-19:27:25.567467 7fffb0963380  Options.new_table_reader_for_compaction_inputs: 0
2018/09/20-19:27:25.567471 7fffb0963380           Options.random_access_max_buffer_size: 1048576
2018/09/20-19:27:25.567472 7fffb0963380                      Options.use_adaptive_mutex: 0
2018/09/20-19:27:25.567473 7fffb0963380                            Options.rate_limiter: 0x0
2018/09/20-19:27:25.567474 7fffb0963380     Options.sst_file_manager.rate_bytes_per_sec: 0
2018/09/20-19:27:25.567475 7fffb0963380                       Options.wal_recovery_mode: 2
2018/09/20-19:27:25.567476 7fffb0963380                  Options.enable_thread_tracking: 0
2018/09/20-19:27:25.567477 7fffb0963380                  Options.enable_pipelined_write: 0
2018/09/20-19:27:25.567478 7fffb0963380         Options.allow_concurrent_memtable_write: 1
2018/09/20-19:27:25.567478 7fffb0963380      Options.enable_write_thread_adaptive_yield: 1
2018/09/20-19:27:25.567479 7fffb0963380             Options.write_thread_max_yield_usec: 100
2018/09/20-19:27:25.567480 7fffb0963380            Options.write_thread_slow_yield_usec: 3
2018/09/20-19:27:25.567481 7fffb0963380                               Options.row_cache: None
2018/09/20-19:27:25.567482 7fffb0963380                              Options.wal_filter: None
2018/09/20-19:27:25.567482 7fffb0963380             Options.avoid_flush_during_recovery: 0
2018/09/20-19:27:25.567483 7fffb0963380             Options.allow_ingest_behind: 0
2018/09/20-19:27:25.567484 7fffb0963380             Options.preserve_deletes: 0
2018/09/20-19:27:25.567485 7fffb0963380             Options.two_write_queues: 0
2018/09/20-19:27:25.567486 7fffb0963380             Options.manual_wal_flush: 0
2018/09/20-19:27:25.567487 7fffb0963380             Options.max_background_jobs: 2
2018/09/20-19:27:25.567487 7fffb0963380             Options.max_background_compactions: -1
2018/09/20-19:27:25.567488 7fffb0963380             Options.avoid_flush_during_shutdown: 0
2018/09/20-19:27:25.567489 7fffb0963380           Options.writable_file_max_buffer_size: 1048576
2018/09/20-19:27:25.567490 7fffb0963380             Options.delayed_write_rate : 16777216
2018/09/20-19:27:25.567491 7fffb0963380             Options.max_total_wal_size: 0
2018/09/20-19:27:25.567492 7fffb0963380             Options.delete_obsolete_files_period_micros: 21600000000
2018/09/20-19:27:25.567493 7fffb0963380                   Options.stats_dump_period_sec: 600
2018/09/20-19:27:25.567494 7fffb0963380                          Options.max_open_files: -1
2018/09/20-19:27:25.567494 7fffb0963380                          Options.bytes_per_sync: 0
2018/09/20-19:27:25.567495 7fffb0963380                      Options.wal_bytes_per_sync: 0
2018/09/20-19:27:25.567496 7fffb0963380       Options.compaction_readahead_size: 0
2018/09/20-19:27:25.567497 7fffb0963380 Compression algorithms supported:
2018/09/20-19:27:25.567498 7fffb0963380 	kZSTD supported: 0
2018/09/20-19:27:25.567499 7fffb0963380 	kZlibCompression supported: 1
2018/09/20-19:27:25.567500 7fffb0963380 	kXpressCompression supported: 0
2018/09/20-19:27:25.567501 7fffb0963380 	kSnappyCompression supported: 1
2018/09/20-19:27:25.567502 7fffb0963380 	kZSTDNotFinalCompression supported: 0
2018/09/20-19:27:25.567503 7fffb0963380 	kLZ4HCCompression supported: 1
2018/09/20-19:27:25.567504 7fffb0963380 	kLZ4Compression supported: 1
2018/09/20-19:27:25.567504 7fffb0963380 	kBZip2Compression supported: 1
2018/09/20-19:27:25.567508 7fffb0963380 Fast CRC32 supported: Not supported on x86
2018/09/20-19:27:25.567789 7fffb0963380 [db/version_set.cc:3085] Recovering from manifest file: MANIFEST-000057
2018/09/20-19:27:25.567981 7fffb0963380 [db/column_family.cc:475] --------------- Options for column family [default]:
2018/09/20-19:27:25.567990 7fffb0963380               Options.comparator: leveldb.BytewiseComparator
2018/09/20-19:27:25.567992 7fffb0963380           Options.merge_operator: None
2018/09/20-19:27:25.567993 7fffb0963380        Options.compaction_filter: None
2018/09/20-19:27:25.567994 7fffb0963380        Options.compaction_filter_factory: None
2018/09/20-19:27:25.567998 7fffb0963380         Options.memtable_factory: SkipListFactory
2018/09/20-19:27:25.568000 7fffb0963380            Options.table_factory: BlockBasedTable
2018/09/20-19:27:25.568026 7fffb0963380            table_factory options:   flush_block_policy_factory: FlushBlockBySizePolicyFactory (0x55527d0)
  cache_index_and_filter_blocks: 0
  cache_index_and_filter_blocks_with_high_priority: 0
  pin_l0_filter_and_index_blocks_in_cache: 0
  index_type: 0
  hash_index_allow_collision: 1
  checksum: 1
  no_block_cache: 0
  block_cache: 0x555b1a8
  block_cache_name: LRUCache
  block_cache_options:
    capacity : 8388608
    num_shard_bits : 4
    strict_capacity_limit : 0
    high_pri_pool_ratio: 0.000
  block_cache_compressed: 0x0
  persistent_cache: 0x0
  block_size: 4096
  block_size_deviation: 10
  block_restart_interval: 16
  index_block_restart_interval: 1
  metadata_block_size: 4096
  partition_filters: 0
  use_delta_encoding: 1
  filter_policy: nullptr
  whole_key_filtering: 1
  verify_compression: 0
  read_amp_bytes_per_bit: 0
  format_version: 2
  enable_index_compression: 1
  block_align: 0
2018/09/20-19:27:25.568031 7fffb0963380        Options.write_buffer_size: 67108864
2018/09/20-19:27:25.568032 7fffb0963380  Options.max_write_buffer_number: 2
2018/09/20-19:27:25.568051 7fffb0963380          Options.compression: Snappy
2018/09/20-19:27:25.568054 7fffb0963380                  Options.bottommost_compression: Disabled
2018/09/20-19:27:25.568055 7fffb0963380       Options.prefix_extractor: nullptr
2018/09/20-19:27:25.568056 7fffb0963380   Options.memtable_insert_with_hint_prefix_extractor: nullptr
2018/09/20-19:27:25.568058 7fffb0963380             Options.num_levels: 7
2018/09/20-19:27:25.568059 7fffb0963380        Options.min_write_buffer_number_to_merge: 1
2018/09/20-19:27:25.568060 7fffb0963380     Options.max_write_buffer_number_to_maintain: 0
2018/09/20-19:27:25.568061 7fffb0963380            Options.compression_opts.window_bits: -14
2018/09/20-19:27:25.568063 7fffb0963380                  Options.compression_opts.level: -1
2018/09/20-19:27:25.568064 7fffb0963380               Options.compression_opts.strategy: 0
2018/09/20-19:27:25.568065 7fffb0963380         Options.compression_opts.max_dict_bytes: 0
2018/09/20-19:27:25.568066 7fffb0963380         Options.compression_opts.zstd_max_train_bytes: 0
2018/09/20-19:27:25.568067 7fffb0963380      Options.level0_file_num_compaction_trigger: 4
2018/09/20-19:27:25.568069 7fffb0963380          Options.level0_slowdown_writes_trigger: 20
2018/09/20-19:27:25.568070 7fffb0963380              Options.level0_stop_writes_trigger: 36
2018/09/20-19:27:25.568072 7fffb0963380                   Options.target_file_size_base: 67108864
2018/09/20-19:27:25.568073 7fffb0963380             Options.target_file_size_multiplier: 1
2018/09/20-19:27:25.568074 7fffb0963380                Options.max_bytes_for_level_base: 268435456
2018/09/20-19:27:25.568076 7fffb0963380 Options.level_compaction_dynamic_level_bytes: 0
2018/09/20-19:27:25.568077 7fffb0963380          Options.max_bytes_for_level_multiplier: 10.000000
2018/09/20-19:27:25.568080 7fffb0963380 Options.max_bytes_for_level_multiplier_addtl[0]: 1
2018/09/20-19:27:25.568081 7fffb0963380 Options.max_bytes_for_level_multiplier_addtl[1]: 1
2018/09/20-19:27:25.568081 7fffb0963380 Options.max_bytes_for_level_multiplier_addtl[2]: 1
2018/09/20-19:27:25.568082 7fffb0963380 Options.max_bytes_for_level_multiplier_addtl[3]: 1
2018/09/20-19:27:25.568083 7fffb0963380 Options.max_bytes_for_level_multiplier_addtl[4]: 1
2018/09/20-19:27:25.568084 7fffb0963380 Options.max_bytes_for_level_multiplier_addtl[5]: 1
2018/09/20-19:27:25.568085 7fffb0963380 Options.max_bytes_for_level_multiplier_addtl[6]: 1
2018/09/20-19:27:25.568086 7fffb0963380       Options.max_sequential_skip_in_iterations: 8
2018/09/20-19:27:25.568087 7fffb0963380                    Options.max_compaction_bytes: 1677721600
2018/09/20-19:27:25.568087 7fffb0963380                        Options.arena_block_size: 8388608
2018/09/20-19:27:25.568088 7fffb0963380   Options.soft_pending_compaction_bytes_limit: 68719476736
2018/09/20-19:27:25.568092 7fffb0963380   Options.hard_pending_compaction_bytes_limit: 274877906944
2018/09/20-19:27:25.568094 7fffb0963380       Options.rate_limit_delay_max_milliseconds: 100
2018/09/20-19:27:25.568095 7fffb0963380                Options.disable_auto_compactions: 0
2018/09/20-19:27:25.568096 7fffb0963380                        Options.compaction_style: kCompactionStyleLevel
2018/09/20-19:27:25.568097 7fffb0963380                          Options.compaction_pri: kByCompensatedSize
2018/09/20-19:27:25.568098 7fffb0963380 Options.compaction_options_universal.size_ratio: 1
2018/09/20-19:27:25.568098 7fffb0963380 Options.compaction_options_universal.min_merge_width: 2
2018/09/20-19:27:25.568099 7fffb0963380 Options.compaction_options_universal.max_merge_width: 4294967295
2018/09/20-19:27:25.568100 7fffb0963380 Options.compaction_options_universal.max_size_amplification_percent: 200
2018/09/20-19:27:25.568101 7fffb0963380 Options.compaction_options_universal.compression_size_percent: -1
2018/09/20-19:27:25.568103 7fffb0963380 Options.compaction_options_universal.stop_style: kCompactionStopStyleTotalSize
2018/09/20-19:27:25.568104 7fffb0963380 Options.compaction_options_fifo.max_table_files_size: 1073741824
2018/09/20-19:27:25.568105 7fffb0963380 Options.compaction_options_fifo.allow_compaction: 0
2018/09/20-19:27:25.568107 7fffb0963380 Options.compaction_options_fifo.ttl: 0
2018/09/20-19:27:25.568108 7fffb0963380                   Options.table_properties_collectors: 
2018/09/20-19:27:25.568109 7fffb0963380                   Options.inplace_update_support: 0
2018/09/20-19:27:25.568111 7fffb0963380                 Options.inplace_update_num_locks: 10000
2018/09/20-19:27:25.568112 7fffb0963380               Options.memtable_prefix_bloom_size_ratio: 0.000000
2018/09/20-19:27:25.568114 7fffb0963380   Options.memtable_huge_page_size: 0
2018/09/20-19:27:25.568115 7fffb0963380                           Options.bloom_locality: 0
2018/09/20-19:27:25.568117 7fffb0963380                    Options.max_successive_merges: 0
2018/09/20-19:27:25.568118 7fffb0963380                Options.optimize_filters_for_hits: 0
2018/09/20-19:27:25.568119 7fffb0963380                Options.paranoid_file_checks: 0
2018/09/20-19:27:25.568120 7fffb0963380                Options.force_consistency_checks: 0
2018/09/20-19:27:25.568122 7fffb0963380                Options.report_bg_io_stats: 0
2018/09/20-19:27:25.568123 7fffb0963380                               Options.ttl: 0
2018/09/20-19:27:25.568215 7fffb0963380 [db/column_family.cc:475] --------------- Options for column family [blockstore]:
2018/09/20-19:27:25.568218 7fffb0963380               Options.comparator: leveldb.BytewiseComparator
2018/09/20-19:27:25.568219 7fffb0963380           Options.merge_operator: None
2018/09/20-19:27:25.568220 7fffb0963380        Options.compaction_filter: None
2018/09/20-19:27:25.568221 7fffb0963380        Options.compaction_filter_factory: None
2018/09/20-19:27:25.568222 7fffb0963380         Options.memtable_factory: SkipListFactory
2018/09/20-19:27:25.568223 7fffb0963380            Options.table_factory: BlockBasedTable
2018/09/20-19:27:25.568235 7fffb0963380            table_factory options:   flush_block_policy_factory: FlushBlockBySizePolicyFactory (0x55527d0)
  cache_index_and_filter_blocks: 0
  cache_index_and_filter_blocks_with_high_priority: 0
  pin_l0_filter_and_index_blocks_in_cache: 0
  index_type: 0
  hash_index_allow_collision: 1
  checksum: 1
  no_block_cache: 0
  block_cache: 0x555b1a8
  block_cache_name: LRUCache
  block_cache_options:
    capacity : 8388608
    num_shard_bits : 4
    strict_capacity_limit : 0
    high_pri_pool_ratio: 0.000
  block_cache_compressed: 0x0
  persistent_cache: 0x0
  block_size: 4096
  block_size_deviation: 10
  block_restart_interval: 16
  index_block_restart_interval: 1
  metadata_block_size: 4096
  partition_filters: 0
  use_delta_encoding: 1
  filter_policy: nullptr
  whole_key_filtering: 1
  verify_compression: 0
  read_amp_bytes_per_bit: 0
  format_version: 2
  enable_index_compression: 1
  block_align: 0
2018/09/20-19:27:25.568241 7fffb0963380        Options.write_buffer_size: 67108864
2018/09/20-19:27:25.568242 7fffb0963380  Options.max_write_buffer_number: 2
2018/09/20-19:27:25.568243 7fffb0963380          Options.compression: Snappy
2018/09/20-19:27:25.568244 7fffb0963380                  Options.bottommost_compression: Disabled
2018/09/20-19:27:25.568245 7fffb0963380       Options.prefix_extractor: nullptr
2018/09/20-19:27:25.568246 7fffb0963380   Options.memtable_insert_with_hint_prefix_extractor: nullptr
2018/09/20-19:27:25.568247 7fffb0963380             Options.num_levels: 7
2018/09/20-19:27:25.568248 7fffb0963380        Options.min_write_buffer_number_to_merge: 1
2018/09/20-19:27:25.568249 7fffb0963380     Options.max_write_buffer_number_to_maintain: 0
2018/09/20-19:27:25.568249 7fffb0963380            Options.compression_opts.window_bits: -14
2018/09/20-19:27:25.568250 7fffb0963380                  Options.compression_opts.level: -1
2018/09/20-19:27:25.568251 7fffb0963380               Options.compression_opts.strategy: 0
2018/09/20-19:27:25.568252 7fffb0963380         Options.compression_opts.max_dict_bytes: 0
2018/09/20-19:27:25.568253 7fffb0963380         Options.compression_opts.zstd_max_train_bytes: 0
2018/09/20-19:27:25.568254 7fffb0963380      Options.level0_file_num_compaction_trigger: 4
2018/09/20-19:27:25.568255 7fffb0963380          Options.level0_slowdown_writes_trigger: 20
2018/09/20-19:27:25.568255 7fffb0963380              Options.level0_stop_writes_trigger: 36
2018/09/20-19:27:25.568256 7fffb0963380                   Options.target_file_size_base: 67108864
2018/09/20-19:27:25.568257 7fffb0963380             Options.target_file_size_multiplier: 1
2018/09/20-19:27:25.568258 7fffb0963380                Options.max_bytes_for_level_base: 268435456
2018/09/20-19:27:25.568259 7fffb0963380 Options.level_compaction_dynamic_level_bytes: 0
2018/09/20-19:27:25.568260 7fffb0963380          Options.max_bytes_for_level_multiplier: 10.000000
2018/09/20-19:27:25.568261 7fffb0963380 Options.max_bytes_for_level_multiplier_addtl[0]: 1
2018/09/20-19:27:25.568262 7fffb0963380 Options.max_bytes_for_level_multiplier_addtl[1]: 1
2018/09/20-19:27:25.568263 7fffb0963380 Options.max_bytes_for_level_multiplier_addtl[2]: 1
2018/09/20-19:27:25.568264 7fffb0963380 Options.max_bytes_for_level_multiplier_addtl[3]: 1
2018/09/20-19:27:25.568264 7fffb0963380 Options.max_bytes_for_level_multiplier_addtl[4]: 1
2018/09/20-19:27:25.568265 7fffb0963380 Options.max_bytes_for_level_multiplier_addtl[5]: 1
2018/09/20-19:27:25.568266 7fffb0963380 Options.max_bytes_for_level_multiplier_addtl[6]: 1
2018/09/20-19:27:25.568267 7fffb0963380       Options.max_sequential_skip_in_iterations: 8
2018/09/20-19:27:25.568268 7fffb0963380                    Options.max_compaction_bytes: 1677721600
2018/09/20-19:27:25.568269 7fffb0963380                        Options.arena_block_size: 8388608
2018/09/20-19:27:25.568269 7fffb0963380   Options.soft_pending_compaction_bytes_limit: 68719476736
2018/09/20-19:27:25.568270 7fffb0963380   Options.hard_pending_compaction_bytes_limit: 274877906944
2018/09/20-19:27:25.568271 7fffb0963380       Options.rate_limit_delay_max_milliseconds: 100
2018/09/20-19:27:25.568272 7fffb0963380                Options.disable_auto_compactions: 0
2018/09/20-19:27:25.568273 7fffb0963380                        Options.compaction_style: kCompactionStyleLevel
2018/09/20-19:27:25.568274 7fffb0963380                          Options.compaction_pri: kByCompensatedSize
2018/09/20-19:27:25.568275 7fffb0963380 Options.compaction_options_universal.size_ratio: 1
2018/09/20-19:27:25.568276 7fffb0963380 Options.compaction_options_universal.min_merge_width: 2
2018/09/20-19:27:25.568277 7fffb0963380 Options.compaction_options_universal.max_merge_width: 4294967295
2018/09/20-19:27:25.568277 7fffb0963380 Options.compaction_options_universal.max_size_amplification_percent: 200
2018/09/20-19:27:25.568278 7fffb0963380 Options.compaction_options_universal.compression_size_percent: -1
2018/09/20-19:27:25.568279 7fffb0963380 Options.compaction_options_universal.stop_style: kCompactionStopStyleTotalSize
2018/09/20-19:27:25.568282 7fffb0963380 Options.compaction_options_fifo.max_table_files_size: 1073741824
2018/09/20-19:27:25.568284 7fffb0963380 Options.compaction_options_fifo.allow_compaction: 0
2018/09/20-19:27:25.568284 7fffb0963380 Options.compaction_options_fifo.ttl: 0
2018/09/20-19:27:25.568285 7fffb0963380                   Options.table_properties_collectors: 
2018/09/20-19:27:25.568286 7fffb0963380                   Options.inplace_update_support: 0
2018/09/20-19:27:25.568287 7fffb0963380                 Options.inplace_update_num_locks: 10000
2018/09/20-19:27:25.568288 7fffb0963380               Options.memtable_prefix_bloom_size_ratio: 0.000000
2018/09/20-19:27:25.568289 7fffb0963380   Options.memtable_huge_page_size: 0
2018/09/20-19:27:25.568290 7fffb0963380                           Options.bloom_locality: 0
2018/09/20-19:27:25.568291 7fffb0963380                    Options.max_successive_merges: 0
2018/09/20-19:27:25.568292 7fffb0963380                Options.optimize_filters_for_hits: 0
2018/09/20-19:27:25.568293 7fffb0963380                Options.paranoid_file_checks: 0
2018/09/20-19:27:25.568294 7fffb0963380                Options.force_consistency_checks: 0
2018/09/20-19:27:25.568295 7fffb0963380                Options.report_bg_io_stats: 0
2018/09/20-19:27:25.568296 7fffb0963380                               Options.ttl: 0
2018/09/20-19:27:25.569397 7fffb0963380 [db/version_set.cc:3361] Recovered from manifest file:db1/MANIFEST-000057 succeeded,manifest_file_number is 57, next_file_number is 59, last_sequence is 3, log_number is 0,prev_log_number is 0,max_column_family is 1,min_log_number_to_keep is 0
2018/09/20-19:27:25.569403 7fffb0963380 [db/version_set.cc:3369] Column family [default] (ID 0), log number is 56
2018/09/20-19:27:25.569405 7fffb0963380 [db/version_set.cc:3369] Column family [blockstore] (ID 1), log number is 56
2018/09/20-19:27:25.569548 7fffb0963380 EVENT_LOG_v1 {"time_micros": 1537439245569532, "job": 1, "event": "recovery_started", "log_files": [58]}
2018/09/20-19:27:25.569556 7fffb0963380 [db/db_impl_open.cc:551] Recovering log #58 mode 2
2018/09/20-19:27:25.569642 7fffb0963380 [db/version_set.cc:2847] Creating manifest 60
2018/09/20-19:27:25.571033 7fffb0963380 EVENT_LOG_v1 {"time_micros": 1537439245571029, "job": 1, "event": "recovery_finished"}
2018/09/20-19:27:25.577310 7fffb0963380 [db/db_impl_open.cc:1219] DB pointer 0x5817800
