2018/09/20-12:45:14.893435 7fffb0963380 RocksDB version: 5.14.3
2018/09/20-12:45:14.893740 7fffb0963380 Git sha rocksdb_build_git_sha:
2018/09/20-12:45:14.893743 7fffb0963380 Compile date Aug 22 2018
2018/09/20-12:45:14.893744 7fffb0963380 DB SUMMARY
2018/09/20-12:45:14.893795 7fffb0963380 CURRENT file:  CURRENT
2018/09/20-12:45:14.893797 7fffb0963380 IDENTITY file:  IDENTITY
2018/09/20-12:45:14.893803 7fffb0963380 MANIFEST file:  MANIFEST-000001 size: 13 Bytes
2018/09/20-12:45:14.893809 7fffb0963380 MANIFEST file:  MANIFEST-000006 size: 104 Bytes
2018/09/20-12:45:14.893811 7fffb0963380 SST files in db dir, Total Num: 0, files: 
2018/09/20-12:45:14.893812 7fffb0963380 Write Ahead Log file in db: 000003.log size: 0 ; 
2018/09/20-12:45:14.893814 7fffb0963380                         Options.error_if_exists: 0
2018/09/20-12:45:14.893817 7fffb0963380                       Options.create_if_missing: 1
2018/09/20-12:45:14.893818 7fffb0963380                         Options.paranoid_checks: 1
2018/09/20-12:45:14.893818 7fffb0963380                                     Options.env: 0x51be5c8
2018/09/20-12:45:14.893819 7fffb0963380                                Options.info_log: 0x5706e30
2018/09/20-12:45:14.893820 7fffb0963380                Options.max_file_opening_threads: 16
2018/09/20-12:45:14.893821 7fffb0963380                              Options.statistics: 0x0
2018/09/20-12:45:14.893822 7fffb0963380                               Options.use_fsync: 0
2018/09/20-12:45:14.893823 7fffb0963380                       Options.max_log_file_size: 0
2018/09/20-12:45:14.893823 7fffb0963380                  Options.max_manifest_file_size: 18446744073709551615
2018/09/20-12:45:14.893824 7fffb0963380                   Options.log_file_time_to_roll: 0
2018/09/20-12:45:14.893825 7fffb0963380                       Options.keep_log_file_num: 1000
2018/09/20-12:45:14.893826 7fffb0963380                    Options.recycle_log_file_num: 0
2018/09/20-12:45:14.893827 7fffb0963380                         Options.allow_fallocate: 1
2018/09/20-12:45:14.893827 7fffb0963380                        Options.allow_mmap_reads: 0
2018/09/20-12:45:14.893831 7fffb0963380                       Options.allow_mmap_writes: 0
2018/09/20-12:45:14.893832 7fffb0963380                        Options.use_direct_reads: 0
2018/09/20-12:45:14.893832 7fffb0963380                        Options.use_direct_io_for_flush_and_compaction: 0
2018/09/20-12:45:14.893833 7fffb0963380          Options.create_missing_column_families: 1
2018/09/20-12:45:14.893834 7fffb0963380                              Options.db_log_dir: 
2018/09/20-12:45:14.893835 7fffb0963380                                 Options.wal_dir: db
2018/09/20-12:45:14.893836 7fffb0963380                Options.table_cache_numshardbits: 6
2018/09/20-12:45:14.893836 7fffb0963380                      Options.max_subcompactions: 1
2018/09/20-12:45:14.893837 7fffb0963380                  Options.max_background_flushes: -1
2018/09/20-12:45:14.893838 7fffb0963380                         Options.WAL_ttl_seconds: 0
2018/09/20-12:45:14.893839 7fffb0963380                       Options.WAL_size_limit_MB: 0
2018/09/20-12:45:14.893840 7fffb0963380             Options.manifest_preallocation_size: 4194304
2018/09/20-12:45:14.893840 7fffb0963380                     Options.is_fd_close_on_exec: 1
2018/09/20-12:45:14.893841 7fffb0963380                   Options.advise_random_on_open: 1
2018/09/20-12:45:14.893842 7fffb0963380                    Options.db_write_buffer_size: 0
2018/09/20-12:45:14.893843 7fffb0963380                    Options.write_buffer_manager: 0x5706dd0
2018/09/20-12:45:14.893844 7fffb0963380         Options.access_hint_on_compaction_start: 1
2018/09/20-12:45:14.893844 7fffb0963380  Options.new_table_reader_for_compaction_inputs: 0
2018/09/20-12:45:14.893845 7fffb0963380           Options.random_access_max_buffer_size: 1048576
2018/09/20-12:45:14.893846 7fffb0963380                      Options.use_adaptive_mutex: 0
2018/09/20-12:45:14.893847 7fffb0963380                            Options.rate_limiter: 0x0
2018/09/20-12:45:14.893847 7fffb0963380     Options.sst_file_manager.rate_bytes_per_sec: 0
2018/09/20-12:45:14.893848 7fffb0963380                       Options.wal_recovery_mode: 2
2018/09/20-12:45:14.893849 7fffb0963380                  Options.enable_thread_tracking: 0
2018/09/20-12:45:14.893850 7fffb0963380                  Options.enable_pipelined_write: 0
2018/09/20-12:45:14.893851 7fffb0963380         Options.allow_concurrent_memtable_write: 1
2018/09/20-12:45:14.893851 7fffb0963380      Options.enable_write_thread_adaptive_yield: 1
2018/09/20-12:45:14.893852 7fffb0963380             Options.write_thread_max_yield_usec: 100
2018/09/20-12:45:14.893853 7fffb0963380            Options.write_thread_slow_yield_usec: 3
2018/09/20-12:45:14.893854 7fffb0963380                               Options.row_cache: None
2018/09/20-12:45:14.893854 7fffb0963380                              Options.wal_filter: None
2018/09/20-12:45:14.893855 7fffb0963380             Options.avoid_flush_during_recovery: 0
2018/09/20-12:45:14.893856 7fffb0963380             Options.allow_ingest_behind: 0
2018/09/20-12:45:14.893857 7fffb0963380             Options.preserve_deletes: 0
2018/09/20-12:45:14.893858 7fffb0963380             Options.two_write_queues: 0
2018/09/20-12:45:14.893858 7fffb0963380             Options.manual_wal_flush: 0
2018/09/20-12:45:14.893859 7fffb0963380             Options.max_background_jobs: 2
2018/09/20-12:45:14.893860 7fffb0963380             Options.max_background_compactions: -1
2018/09/20-12:45:14.893861 7fffb0963380             Options.avoid_flush_during_shutdown: 0
2018/09/20-12:45:14.893861 7fffb0963380           Options.writable_file_max_buffer_size: 1048576
2018/09/20-12:45:14.893862 7fffb0963380             Options.delayed_write_rate : 16777216
2018/09/20-12:45:14.893863 7fffb0963380             Options.max_total_wal_size: 0
2018/09/20-12:45:14.893864 7fffb0963380             Options.delete_obsolete_files_period_micros: 21600000000
2018/09/20-12:45:14.893865 7fffb0963380                   Options.stats_dump_period_sec: 600
2018/09/20-12:45:14.893866 7fffb0963380                          Options.max_open_files: -1
2018/09/20-12:45:14.893868 7fffb0963380                          Options.bytes_per_sync: 0
2018/09/20-12:45:14.893869 7fffb0963380                      Options.wal_bytes_per_sync: 0
2018/09/20-12:45:14.893870 7fffb0963380       Options.compaction_readahead_size: 0
2018/09/20-12:45:14.893871 7fffb0963380 Compression algorithms supported:
2018/09/20-12:45:14.893872 7fffb0963380 	kZSTD supported: 0
2018/09/20-12:45:14.893873 7fffb0963380 	kZlibCompression supported: 1
2018/09/20-12:45:14.893874 7fffb0963380 	kXpressCompression supported: 0
2018/09/20-12:45:14.893875 7fffb0963380 	kSnappyCompression supported: 1
2018/09/20-12:45:14.893876 7fffb0963380 	kZSTDNotFinalCompression supported: 0
2018/09/20-12:45:14.893876 7fffb0963380 	kLZ4HCCompression supported: 1
2018/09/20-12:45:14.893877 7fffb0963380 	kLZ4Compression supported: 1
2018/09/20-12:45:14.893878 7fffb0963380 	kBZip2Compression supported: 1
2018/09/20-12:45:14.893881 7fffb0963380 Fast CRC32 supported: Not supported on x86
2018/09/20-12:45:14.894057 7fffb0963380 [db/version_set.cc:3085] Recovering from manifest file: MANIFEST-000006
2018/09/20-12:45:14.894105 7fffb0963380 [db/column_family.cc:475] --------------- Options for column family [default]:
2018/09/20-12:45:14.894108 7fffb0963380               Options.comparator: leveldb.BytewiseComparator
2018/09/20-12:45:14.894110 7fffb0963380           Options.merge_operator: None
2018/09/20-12:45:14.894110 7fffb0963380        Options.compaction_filter: None
2018/09/20-12:45:14.894111 7fffb0963380        Options.compaction_filter_factory: None
2018/09/20-12:45:14.894112 7fffb0963380         Options.memtable_factory: SkipListFactory
2018/09/20-12:45:14.894113 7fffb0963380            Options.table_factory: BlockBasedTable
2018/09/20-12:45:14.894133 7fffb0963380            table_factory options:   flush_block_policy_factory: FlushBlockBySizePolicyFactory (0x5705190)
  cache_index_and_filter_blocks: 0
  cache_index_and_filter_blocks_with_high_priority: 0
  pin_l0_filter_and_index_blocks_in_cache: 0
  index_type: 0
  hash_index_allow_collision: 1
  checksum: 1
  no_block_cache: 0
  block_cache: 0x57061b8
  block_cache_name: LRUCache
  block_cache_options:
    capacity : 8388608
    num_shard_bits : 4
    strict_capacity_limit : 0
    high_pri_pool_ratio: 0.000
  block_cache_compressed: 0x0
  persistent_cache: 0x0
  block_size: 4096
  block_size_deviation: 10
  block_restart_interval: 16
  index_block_restart_interval: 1
  metadata_block_size: 4096
  partition_filters: 0
  use_delta_encoding: 1
  filter_policy: nullptr
  whole_key_filtering: 1
  verify_compression: 0
  read_amp_bytes_per_bit: 0
  format_version: 2
  enable_index_compression: 1
  block_align: 0
2018/09/20-12:45:14.894134 7fffb0963380        Options.write_buffer_size: 67108864
2018/09/20-12:45:14.894135 7fffb0963380  Options.max_write_buffer_number: 2
2018/09/20-12:45:14.894137 7fffb0963380          Options.compression: Snappy
2018/09/20-12:45:14.894139 7fffb0963380                  Options.bottommost_compression: Disabled
2018/09/20-12:45:14.894139 7fffb0963380       Options.prefix_extractor: nullptr
2018/09/20-12:45:14.894140 7fffb0963380   Options.memtable_insert_with_hint_prefix_extractor: nullptr
2018/09/20-12:45:14.894141 7fffb0963380             Options.num_levels: 7
2018/09/20-12:45:14.894142 7fffb0963380        Options.min_write_buffer_number_to_merge: 1
2018/09/20-12:45:14.894143 7fffb0963380     Options.max_write_buffer_number_to_maintain: 0
2018/09/20-12:45:14.894143 7fffb0963380            Options.compression_opts.window_bits: -14
2018/09/20-12:45:14.894144 7fffb0963380                  Options.compression_opts.level: -1
2018/09/20-12:45:14.894145 7fffb0963380               Options.compression_opts.strategy: 0
2018/09/20-12:45:14.894146 7fffb0963380         Options.compression_opts.max_dict_bytes: 0
2018/09/20-12:45:14.894147 7fffb0963380         Options.compression_opts.zstd_max_train_bytes: 0
2018/09/20-12:45:14.894148 7fffb0963380      Options.level0_file_num_compaction_trigger: 4
2018/09/20-12:45:14.894148 7fffb0963380          Options.level0_slowdown_writes_trigger: 20
2018/09/20-12:45:14.894151 7fffb0963380              Options.level0_stop_writes_trigger: 36
2018/09/20-12:45:14.894152 7fffb0963380                   Options.target_file_size_base: 67108864
2018/09/20-12:45:14.894153 7fffb0963380             Options.target_file_size_multiplier: 1
2018/09/20-12:45:14.894154 7fffb0963380                Options.max_bytes_for_level_base: 268435456
2018/09/20-12:45:14.894155 7fffb0963380 Options.level_compaction_dynamic_level_bytes: 0
2018/09/20-12:45:14.894156 7fffb0963380          Options.max_bytes_for_level_multiplier: 10.000000
2018/09/20-12:45:14.894157 7fffb0963380 Options.max_bytes_for_level_multiplier_addtl[0]: 1
2018/09/20-12:45:14.894158 7fffb0963380 Options.max_bytes_for_level_multiplier_addtl[1]: 1
2018/09/20-12:45:14.894159 7fffb0963380 Options.max_bytes_for_level_multiplier_addtl[2]: 1
2018/09/20-12:45:14.894160 7fffb0963380 Options.max_bytes_for_level_multiplier_addtl[3]: 1
2018/09/20-12:45:14.894161 7fffb0963380 Options.max_bytes_for_level_multiplier_addtl[4]: 1
2018/09/20-12:45:14.894162 7fffb0963380 Options.max_bytes_for_level_multiplier_addtl[5]: 1
2018/09/20-12:45:14.894162 7fffb0963380 Options.max_bytes_for_level_multiplier_addtl[6]: 1
2018/09/20-12:45:14.894163 7fffb0963380       Options.max_sequential_skip_in_iterations: 8
2018/09/20-12:45:14.894164 7fffb0963380                    Options.max_compaction_bytes: 1677721600
2018/09/20-12:45:14.894165 7fffb0963380                        Options.arena_block_size: 8388608
2018/09/20-12:45:14.894166 7fffb0963380   Options.soft_pending_compaction_bytes_limit: 68719476736
2018/09/20-12:45:14.894166 7fffb0963380   Options.hard_pending_compaction_bytes_limit: 274877906944
2018/09/20-12:45:14.894167 7fffb0963380       Options.rate_limit_delay_max_milliseconds: 100
2018/09/20-12:45:14.894168 7fffb0963380                Options.disable_auto_compactions: 0
2018/09/20-12:45:14.894169 7fffb0963380                        Options.compaction_style: kCompactionStyleLevel
2018/09/20-12:45:14.894170 7fffb0963380                          Options.compaction_pri: kByCompensatedSize
2018/09/20-12:45:14.894171 7fffb0963380 Options.compaction_options_universal.size_ratio: 1
2018/09/20-12:45:14.894172 7fffb0963380 Options.compaction_options_universal.min_merge_width: 2
2018/09/20-12:45:14.894173 7fffb0963380 Options.compaction_options_universal.max_merge_width: 4294967295
2018/09/20-12:45:14.894174 7fffb0963380 Options.compaction_options_universal.max_size_amplification_percent: 200
2018/09/20-12:45:14.894174 7fffb0963380 Options.compaction_options_universal.compression_size_percent: -1
2018/09/20-12:45:14.894176 7fffb0963380 Options.compaction_options_universal.stop_style: kCompactionStopStyleTotalSize
2018/09/20-12:45:14.894176 7fffb0963380 Options.compaction_options_fifo.max_table_files_size: 1073741824
2018/09/20-12:45:14.894177 7fffb0963380 Options.compaction_options_fifo.allow_compaction: 0
2018/09/20-12:45:14.894178 7fffb0963380 Options.compaction_options_fifo.ttl: 0
2018/09/20-12:45:14.894179 7fffb0963380                   Options.table_properties_collectors: 
2018/09/20-12:45:14.894180 7fffb0963380                   Options.inplace_update_support: 0
2018/09/20-12:45:14.894181 7fffb0963380                 Options.inplace_update_num_locks: 10000
2018/09/20-12:45:14.894181 7fffb0963380               Options.memtable_prefix_bloom_size_ratio: 0.000000
2018/09/20-12:45:14.894182 7fffb0963380   Options.memtable_huge_page_size: 0
2018/09/20-12:45:14.894183 7fffb0963380                           Options.bloom_locality: 0
2018/09/20-12:45:14.894184 7fffb0963380                    Options.max_successive_merges: 0
2018/09/20-12:45:14.894185 7fffb0963380                Options.optimize_filters_for_hits: 0
2018/09/20-12:45:14.894186 7fffb0963380                Options.paranoid_file_checks: 0
2018/09/20-12:45:14.894186 7fffb0963380                Options.force_consistency_checks: 0
2018/09/20-12:45:14.894187 7fffb0963380                Options.report_bg_io_stats: 0
2018/09/20-12:45:14.894188 7fffb0963380                               Options.ttl: 0
2018/09/20-12:45:14.894256 7fffb0963380 [db/column_family.cc:475] --------------- Options for column family [blockstore]:
2018/09/20-12:45:14.894257 7fffb0963380               Options.comparator: leveldb.BytewiseComparator
2018/09/20-12:45:14.894258 7fffb0963380           Options.merge_operator: None
2018/09/20-12:45:14.894259 7fffb0963380        Options.compaction_filter: None
2018/09/20-12:45:14.894260 7fffb0963380        Options.compaction_filter_factory: None
2018/09/20-12:45:14.894261 7fffb0963380         Options.memtable_factory: SkipListFactory
2018/09/20-12:45:14.894262 7fffb0963380            Options.table_factory: BlockBasedTable
2018/09/20-12:45:14.894272 7fffb0963380            table_factory options:   flush_block_policy_factory: FlushBlockBySizePolicyFactory (0x5705190)
  cache_index_and_filter_blocks: 0
  cache_index_and_filter_blocks_with_high_priority: 0
  pin_l0_filter_and_index_blocks_in_cache: 0
  index_type: 0
  hash_index_allow_collision: 1
  checksum: 1
  no_block_cache: 0
  block_cache: 0x57061b8
  block_cache_name: LRUCache
  block_cache_options:
    capacity : 8388608
    num_shard_bits : 4
    strict_capacity_limit : 0
    high_pri_pool_ratio: 0.000
  block_cache_compressed: 0x0
  persistent_cache: 0x0
  block_size: 4096
  block_size_deviation: 10
  block_restart_interval: 16
  index_block_restart_interval: 1
  metadata_block_size: 4096
  partition_filters: 0
  use_delta_encoding: 1
  filter_policy: nullptr
  whole_key_filtering: 1
  verify_compression: 0
  read_amp_bytes_per_bit: 0
  format_version: 2
  enable_index_compression: 1
  block_align: 0
2018/09/20-12:45:14.894276 7fffb0963380        Options.write_buffer_size: 67108864
2018/09/20-12:45:14.894277 7fffb0963380  Options.max_write_buffer_number: 2
2018/09/20-12:45:14.894278 7fffb0963380          Options.compression: Snappy
2018/09/20-12:45:14.894279 7fffb0963380                  Options.bottommost_compression: Disabled
2018/09/20-12:45:14.894279 7fffb0963380       Options.prefix_extractor: nullptr
2018/09/20-12:45:14.894280 7fffb0963380   Options.memtable_insert_with_hint_prefix_extractor: nullptr
2018/09/20-12:45:14.894281 7fffb0963380             Options.num_levels: 7
2018/09/20-12:45:14.894282 7fffb0963380        Options.min_write_buffer_number_to_merge: 1
2018/09/20-12:45:14.894283 7fffb0963380     Options.max_write_buffer_number_to_maintain: 0
2018/09/20-12:45:14.894283 7fffb0963380            Options.compression_opts.window_bits: -14
2018/09/20-12:45:14.894284 7fffb0963380                  Options.compression_opts.level: -1
2018/09/20-12:45:14.894285 7fffb0963380               Options.compression_opts.strategy: 0
2018/09/20-12:45:14.894286 7fffb0963380         Options.compression_opts.max_dict_bytes: 0
2018/09/20-12:45:14.894287 7fffb0963380         Options.compression_opts.zstd_max_train_bytes: 0
2018/09/20-12:45:14.894287 7fffb0963380      Options.level0_file_num_compaction_trigger: 4
2018/09/20-12:45:14.894288 7fffb0963380          Options.level0_slowdown_writes_trigger: 20
2018/09/20-12:45:14.894289 7fffb0963380              Options.level0_stop_writes_trigger: 36
2018/09/20-12:45:14.894290 7fffb0963380                   Options.target_file_size_base: 67108864
2018/09/20-12:45:14.894291 7fffb0963380             Options.target_file_size_multiplier: 1
2018/09/20-12:45:14.894291 7fffb0963380                Options.max_bytes_for_level_base: 268435456
2018/09/20-12:45:14.894292 7fffb0963380 Options.level_compaction_dynamic_level_bytes: 0
2018/09/20-12:45:14.894293 7fffb0963380          Options.max_bytes_for_level_multiplier: 10.000000
2018/09/20-12:45:14.894294 7fffb0963380 Options.max_bytes_for_level_multiplier_addtl[0]: 1
2018/09/20-12:45:14.894295 7fffb0963380 Options.max_bytes_for_level_multiplier_addtl[1]: 1
2018/09/20-12:45:14.894296 7fffb0963380 Options.max_bytes_for_level_multiplier_addtl[2]: 1
2018/09/20-12:45:14.894297 7fffb0963380 Options.max_bytes_for_level_multiplier_addtl[3]: 1
2018/09/20-12:45:14.894297 7fffb0963380 Options.max_bytes_for_level_multiplier_addtl[4]: 1
2018/09/20-12:45:14.894300 7fffb0963380 Options.max_bytes_for_level_multiplier_addtl[5]: 1
2018/09/20-12:45:14.894301 7fffb0963380 Options.max_bytes_for_level_multiplier_addtl[6]: 1
2018/09/20-12:45:14.894302 7fffb0963380       Options.max_sequential_skip_in_iterations: 8
2018/09/20-12:45:14.894303 7fffb0963380                    Options.max_compaction_bytes: 1677721600
2018/09/20-12:45:14.894304 7fffb0963380                        Options.arena_block_size: 8388608
2018/09/20-12:45:14.894305 7fffb0963380   Options.soft_pending_compaction_bytes_limit: 68719476736
2018/09/20-12:45:14.894305 7fffb0963380   Options.hard_pending_compaction_bytes_limit: 274877906944
2018/09/20-12:45:14.894306 7fffb0963380       Options.rate_limit_delay_max_milliseconds: 100
2018/09/20-12:45:14.894307 7fffb0963380                Options.disable_auto_compactions: 0
2018/09/20-12:45:14.894308 7fffb0963380                        Options.compaction_style: kCompactionStyleLevel
2018/09/20-12:45:14.894309 7fffb0963380                          Options.compaction_pri: kByCompensatedSize
2018/09/20-12:45:14.894310 7fffb0963380 Options.compaction_options_universal.size_ratio: 1
2018/09/20-12:45:14.894310 7fffb0963380 Options.compaction_options_universal.min_merge_width: 2
2018/09/20-12:45:14.894311 7fffb0963380 Options.compaction_options_universal.max_merge_width: 4294967295
2018/09/20-12:45:14.894312 7fffb0963380 Options.compaction_options_universal.max_size_amplification_percent: 200
2018/09/20-12:45:14.894313 7fffb0963380 Options.compaction_options_universal.compression_size_percent: -1
2018/09/20-12:45:14.894314 7fffb0963380 Options.compaction_options_universal.stop_style: kCompactionStopStyleTotalSize
2018/09/20-12:45:14.894315 7fffb0963380 Options.compaction_options_fifo.max_table_files_size: 1073741824
2018/09/20-12:45:14.894316 7fffb0963380 Options.compaction_options_fifo.allow_compaction: 0
2018/09/20-12:45:14.894316 7fffb0963380 Options.compaction_options_fifo.ttl: 0
2018/09/20-12:45:14.894317 7fffb0963380                   Options.table_properties_collectors: 
2018/09/20-12:45:14.894318 7fffb0963380                   Options.inplace_update_support: 0
2018/09/20-12:45:14.894319 7fffb0963380                 Options.inplace_update_num_locks: 10000
2018/09/20-12:45:14.894320 7fffb0963380               Options.memtable_prefix_bloom_size_ratio: 0.000000
2018/09/20-12:45:14.894321 7fffb0963380   Options.memtable_huge_page_size: 0
2018/09/20-12:45:14.894321 7fffb0963380                           Options.bloom_locality: 0
2018/09/20-12:45:14.894322 7fffb0963380                    Options.max_successive_merges: 0
2018/09/20-12:45:14.894323 7fffb0963380                Options.optimize_filters_for_hits: 0
2018/09/20-12:45:14.894324 7fffb0963380                Options.paranoid_file_checks: 0
2018/09/20-12:45:14.894324 7fffb0963380                Options.force_consistency_checks: 0
2018/09/20-12:45:14.894325 7fffb0963380                Options.report_bg_io_stats: 0
2018/09/20-12:45:14.894326 7fffb0963380                               Options.ttl: 0
2018/09/20-12:45:14.895156 7fffb0963380 [db/version_set.cc:3361] Recovered from manifest file:db/MANIFEST-000006 succeeded,manifest_file_number is 6, next_file_number is 8, last_sequence is 0, log_number is 0,prev_log_number is 0,max_column_family is 1,min_log_number_to_keep is 0
2018/09/20-12:45:14.895161 7fffb0963380 [db/version_set.cc:3369] Column family [default] (ID 0), log number is 0
2018/09/20-12:45:14.895163 7fffb0963380 [db/version_set.cc:3369] Column family [blockstore] (ID 1), log number is 3
2018/09/20-12:45:14.895282 7fffb0963380 EVENT_LOG_v1 {"time_micros": 1537415114895265, "job": 1, "event": "recovery_started", "log_files": [3]}
2018/09/20-12:45:14.895290 7fffb0963380 [db/db_impl_open.cc:551] Recovering log #3 mode 2
2018/09/20-12:45:14.895363 7fffb0963380 [db/version_set.cc:2847] Creating manifest 8
2018/09/20-12:45:14.896817 7fffb0963380 EVENT_LOG_v1 {"time_micros": 1537415114896811, "job": 1, "event": "recovery_finished"}
2018/09/20-12:45:14.902884 7fffb0963380 [db/db_impl_open.cc:1219] DB pointer 0x6803a00
